   2.0000000e+00  -7.7387998e-01  -1.9880026e-01   1.1373286e+00  -7.5346748e-01  -1.0903226e+00  -2.3591249e-01  -2.2056424e-02  -5.1468460e-01   1.2221197e+00   3.3813948e-01
   2.0000000e+00   4.5845534e-01  -4.8583556e-01   1.7315153e+00  -2.8467103e+00  -3.9177347e-01  -2.0820928e+00  -8.8853041e-01   8.3579868e-01   6.9703068e-01   2.1450906e+00
   2.0000000e+00  -1.1363054e-01   9.7663675e-01  -2.3522410e-01   1.0853802e+00   3.0302846e-01   7.0561881e-01   9.2647611e-01   2.3832882e-01  -1.1251321e+00   2.7836117e-01
   2.0000000e+00   2.6334683e-01  -8.6391482e-01   1.1521943e+00   9.0519622e-01  -8.1109685e-01  -7.3737142e-01   6.0254567e-01   5.9702721e-01  -1.1017554e+00   2.2230079e+00
   2.0000000e+00   1.5081670e+00  -1.6307607e+00   9.6339440e-01  -1.3997638e+00  -7.4371232e-01   2.7131160e-01  -1.4018122e+00  -3.0451058e-01   9.3777601e-01   6.0585010e-01
   2.0000000e+00   6.1776279e-01  -1.4294676e+00  -1.3169473e+00   1.3046232e+00   2.0537231e+00   1.8206741e+00   4.2382467e-01  -1.4159212e+00  -1.3154160e+00  -2.3000823e+00
   1.0000000e+00   5.2663269e-02  -1.3825566e+00   2.1363343e-01   1.5107105e+00   8.3161319e-02   1.3487458e+00  -8.4487388e-01  -4.6088868e-01   1.6351603e+00  -8.4339329e-01
   2.0000000e+00  -3.0308360e-01  -1.3005071e+00  -2.2958668e-01   1.3759682e+00  -1.5262814e+00  -2.5875420e-01   1.7191380e-01   1.4967661e+00   8.4048597e-01   1.0147561e+00
   2.0000000e+00   7.2572201e-01  -2.2157075e+00   1.4426159e+00   6.3667744e-01   3.7932111e-01  -3.6915909e-01   8.4562591e-01   2.6980560e-02   1.8309065e-01  -6.3687991e-01
   2.0000000e+00   1.9444695e+00  -8.9541552e-01   5.1193420e-01   2.2579847e+00   8.2684602e-01   3.6300275e-01   1.8052691e+00   1.0831439e+00  -2.9115138e-01   2.4533810e-01
   2.0000000e+00  -7.4355161e-01  -1.4395415e+00   6.8699852e-01  -2.5336528e-02  -1.0022220e+00  -6.9062155e-01  -2.2497851e-01   5.6424366e-01   1.1039272e-01   3.6089010e-01
   2.0000000e+00  -1.9839823e+00   2.3154433e-01  -5.0000723e-02  -1.1653508e+00   1.3598015e+00   4.5005558e-01  -7.4475827e-01   2.6678471e-01  -1.7121455e+00  -1.4151656e+00
   1.0000000e+00   1.8162667e+00   7.4058504e-01   1.8365040e-01  -2.8607233e+00   8.8028334e-01   5.4092914e-01   6.4995544e-01   2.0140432e-01   2.2293519e+00  -1.9768686e+00
   2.0000000e+00   1.7019337e-01   9.6444380e-01   1.1383838e+00   1.8692910e-01   8.0668438e-01   8.5936076e-01  -5.6861808e-01  -1.0091380e+00  -3.0099688e-01   5.3938726e-01
   2.0000000e+00  -7.6075586e-01  -6.3844365e-01  -6.4803236e-01  -1.9938179e-01  -1.7191936e+00  -8.3499453e-01   3.2620871e-01  -1.4044587e+00  -1.3092148e+00  -2.3604930e+00
   2.0000000e+00  -5.5460783e-02  -4.4914987e-01   1.0400194e+00  -8.1188554e-01   1.6193188e-01   1.7055302e+00   8.7258842e-01  -7.4463908e-01  -1.0506358e+00  -9.6319476e-01
   2.0000000e+00   4.0094115e-01  -1.3396499e+00  -3.4422693e-01  -1.3885643e-01  -7.0781875e-01  -8.6565272e-01  -1.6577484e+00  -1.0436953e+00  -9.9259324e-01  -1.1420666e+00
   1.0000000e+00  -6.1024284e-01   1.8850559e-01   8.5851520e-01   1.3218979e+00  -8.7232165e-02   6.7273320e-01   9.4067258e-01   9.0096833e-01   1.2241627e+00  -6.8244304e-01
   2.0000000e+00   8.5163699e-01  -5.1918775e-01  -1.2541780e-01   1.9067993e-01   7.5850390e-02  -7.4894945e-01   7.7293593e-01  -2.8157619e+00   5.1415864e-01  -1.1578397e-02
   1.0000000e+00   3.0613315e+00  -1.3234833e+00   6.8331360e-01   1.0873775e+00  -2.1014079e-01   8.9128721e-02  -1.6959177e-01  -1.0781523e-02  -2.2475579e+00   2.6246445e-01
   1.0000000e+00  -1.7370614e+00   9.9180814e-01   8.3934517e-01   3.6925722e-01   2.2743694e-02   1.2772398e+00  -9.0363322e-02  -5.7137797e-01  -6.1302361e-01  -8.2435592e-01
   2.0000000e+00   1.1748221e+00   5.7260584e-01  -4.0001192e-01  -1.7802993e+00  -1.1059822e+00  -1.4453027e+00   1.3641457e+00  -1.0691206e-01   1.7784431e-01  -6.3927282e-01
   2.0000000e+00   9.7039027e-01   4.8095354e-01   1.0033435e+00  -1.3000613e+00  -3.4890902e-02   1.7966507e+00  -1.3081742e+00  -7.8926499e-02   5.8058175e-01  -4.9332810e-01
   1.0000000e+00  -2.6706168e-01  -6.9681480e-01   6.6036992e-01   5.0113908e-01  -1.9256473e-01  -3.9285663e-01  -5.5629593e-01  -1.8602773e+00  -7.8615256e-01  -6.4118905e-01
   1.0000000e+00   1.9509107e+00   2.1619257e+00   1.4362873e-01  -3.1263421e-01   1.2913044e-01  -4.5750845e-01  -2.4411031e-01  -1.1095448e-01  -6.5643596e-01  -1.5964250e+00
   1.0000000e+00  -3.2544093e-01  -7.0308503e-01   1.6440852e-01   8.7093617e-01  -1.4444146e-01   4.1862460e-03  -6.8316369e-01  -2.5470608e-01   6.6815111e-01   2.2599495e-01
   2.0000000e+00   2.1616345e+00  -1.2498477e+00   1.7155612e+00   2.7506158e+00   7.6903318e-01   1.0854080e-01  -1.5571700e+00   1.2736361e-01   8.7978532e-01  -3.4392490e-01
   2.0000000e+00  -2.7744444e-01  -2.4910593e+00  -8.2815153e-01  -5.7050191e-01  -6.9848408e-01   1.2806578e+00   2.4779339e-01   8.9320312e-01   8.7079131e-01  -2.4195688e-02
   2.0000000e+00  -5.5335818e-01  -2.1650634e+00  -1.4190431e-02  -7.5065277e-01   4.7672051e-01   1.0278965e+00   8.4947844e-01  -6.9139750e-01  -3.6185947e-01  -5.9335141e-01
   2.0000000e+00  -7.4864523e-01  -1.0903368e+00   9.5360238e-01  -1.1685616e+00  -7.5485633e-01  -3.1369947e-01   2.2667727e-01  -1.1350069e+00  -9.5954173e-01  -1.4989975e-01
   2.0000000e+00  -2.3088778e+00   6.7100587e-01  -2.1293299e+00   9.2929930e-01  -9.8500172e-01  -1.6424653e+00   8.2423706e-01  -1.0144076e+00  -5.9633038e-01   8.9778833e-02
   2.0000000e+00  -1.2789918e+00   2.2178502e+00   8.6780097e-01   4.2247460e-01  -1.3509353e+00   5.1445960e-02  -6.1620504e-01   7.7891564e-01   7.2252652e-02   1.2734064e+00
   1.0000000e+00  -3.2909446e-01  -8.7579976e-01   4.7059550e-01  -1.9871779e+00  -6.2801958e-01   2.3990805e-01  -8.4509845e-01  -1.5109787e+00   1.3527042e+00  -2.1112078e-01
   2.0000000e+00   1.2132303e+00   1.0659860e+00  -6.3794024e-01  -8.3535050e-01  -1.8501920e+00   9.8392676e-01   1.0345876e+00  -8.1077630e-01   1.6198008e+00  -2.2581096e-01
   2.0000000e+00  -5.1251190e-01  -7.3163257e-01  -6.6414401e-01  -1.1679229e+00  -3.8264172e-01  -4.3350362e-01   8.1041812e-01  -2.8399096e-02  -7.0651258e-01   1.2074745e+00
   2.0000000e+00   1.0049858e+00  -6.9956636e-02   5.1641706e-01   5.7933941e-01   8.1215299e-01  -8.0852084e-01  -7.6640694e-01  -1.7112014e+00  -3.8492520e-01   2.1057281e-01
   2.0000000e+00   6.7471190e-01  -2.2167912e+00   1.9786663e+00   1.4026324e+00   2.4063142e-01   1.3662124e+00   3.0539653e-01   1.6612637e+00  -2.0112707e+00  -1.2674032e+00
   2.0000000e+00   6.4958074e-01  -1.0163209e+00  -2.2463756e-01  -2.6047312e+00   3.4436450e-01   1.1180420e+00  -6.4629204e-01  -1.9310912e+00   1.3057470e-01  -4.9522466e-01
   2.0000000e+00   2.8445655e-01   4.1318537e-02   1.9490988e+00   2.5086796e-01  -1.6493286e+00   3.5855622e-01  -3.1241105e-01  -8.3940468e-01   1.2674741e-02   3.0902171e+00
   2.0000000e+00  -1.3464875e-01   1.5409799e-01   1.2548230e+00   1.5191991e+00   2.6242414e+00  -9.3883435e-01  -9.4672836e-01   1.2524618e+00   2.5541690e-01   1.1482516e+00
   2.0000000e+00  -1.4679151e-01  -1.4718801e+00  -1.0010554e+00  -1.8225450e-01  -1.0299837e+00   1.5721901e+00   1.2149555e-01   2.3121849e-01   5.9319764e-01   2.0655681e+00
   2.0000000e+00   1.6888244e+00   1.0416405e+00  -1.9437056e+00   8.9372136e-01  -1.0032823e+00  -3.0914297e-01   1.0437405e-01   2.0098623e-01   1.7093984e+00   1.2722287e-01
   2.0000000e+00  -9.0802314e-01  -4.4398333e-01   3.4551665e-03  -1.9409187e-01  -1.6767920e+00   1.2672208e+00   4.4835495e-01   1.0817181e+00  -1.5708365e+00   1.1697302e+00
   2.0000000e+00   3.2507703e-02   1.1348006e+00  -1.1474319e+00   4.8582664e-01  -5.9631560e-01  -7.7645907e-01  -5.1408312e-01   2.1669050e+00   1.7208606e-01  -6.4673305e-01
   2.0000000e+00  -1.2052984e+00  -2.5637940e-01  -2.4989660e-01  -1.4057675e+00  -1.0097196e+00  -9.2700441e-02   1.9594882e-01  -1.0631641e-01  -4.4945966e-01   2.0391922e-01
   2.0000000e+00  -1.2968907e+00   6.0414915e-01  -1.1682057e+00   2.1282195e-01  -4.4582519e-01   9.6385239e-01   7.7102371e-01  -9.0527663e-01   6.5441031e-01   8.4736766e-01
   2.0000000e+00   8.4095246e-03  -8.6706626e-01   2.6378000e+00   6.2323105e-01  -3.3256212e-01   3.1922067e+00   7.4192263e-02   2.0307807e+00  -9.3832552e-01   1.7912780e+00
   2.0000000e+00  -2.7763670e+00   1.4160631e+00  -1.5413980e+00  -9.4885575e-01  -1.3096802e+00  -2.6708942e-01   1.7614596e-01   1.5994987e+00   1.8349266e+00   1.4481725e+00
   2.0000000e+00   7.8063568e-02  -9.9697619e-01  -7.3322523e-01   7.9302842e-01   5.5835738e-01  -4.2106652e-01  -1.1704864e+00   1.2181362e-01  -1.9258035e+00  -2.0695799e+00
   2.0000000e+00  -7.0095985e-01  -6.4112292e-01  -1.4531700e+00   3.9843534e-01   1.1164624e+00  -2.0503522e+00  -1.1784503e+00   4.5928054e-01   9.1687916e-01   1.7731917e+00
   2.0000000e+00   6.0547962e-01  -1.5993275e-01   9.9419922e-01   8.2128933e-01  -1.2556432e-01   3.9519267e-02   1.0999104e+00   1.5308433e+00  -3.0180558e-01   7.9319452e-01
   2.0000000e+00   1.2821923e+00   8.8759631e-01  -1.7397197e+00  -2.1570022e+00  -1.2036198e+00   4.1517464e-01  -3.0373079e-01   1.4847698e+00  -1.3716878e+00   1.9799174e+00
   2.0000000e+00   1.4684988e+00  -9.5529550e-01   6.5381153e-01   1.4875847e-01   1.3189202e+00   8.9887386e-01   6.9018006e-01  -6.2543477e-01   1.5811792e+00  -1.1157061e+00
   1.0000000e+00   9.7992287e-01   2.6358950e-01   1.4781876e-01   1.0739227e+00  -5.7993256e-01   1.6841797e+00  -4.8170771e-01   6.5172090e-01  -1.5420956e+00  -6.9762174e-02
   2.0000000e+00   1.4070142e-01   2.7979256e-01  -9.6484984e-01   7.5745088e-01  -2.8914319e-01  -4.5282815e-01  -5.8845774e-01   1.5636869e+00  -1.6974911e+00  -1.2290434e+00
   2.0000000e+00  -1.3156961e+00   1.2221913e+00  -4.7218977e-02   1.1301606e+00   3.0068031e-01  -3.4597156e-01   2.4870920e+00   5.6961419e-01  -8.5194580e-01  -2.6409415e-02
   2.0000000e+00  -2.2285167e+00  -1.1648642e+00   1.0760143e+00  -4.4938930e-01  -7.1249614e-01   1.2332112e+00   7.7797461e-01  -3.6301128e-01  -1.2497698e-01  -3.3087086e-02
   2.0000000e+00  -9.4263820e-01  -1.2459424e+00  -9.2748832e-01   1.2769033e-01   1.8416509e+00   3.4377049e-01  -3.8029956e-01   2.6563935e+00  -7.2066263e-01  -1.1440638e+00
   1.0000000e+00  -1.2323628e+00   6.2873545e-01   3.2593455e-01  -1.6659665e-01   6.7221813e-01   7.5819808e-01   4.5414992e-01   5.0270388e-01   2.2910467e-01   6.1186024e-01
   2.0000000e+00  -1.0495930e+00  -7.5970656e-01  -1.1514472e-01   4.8054002e-01  -6.7500712e-01   1.7697945e+00  -1.2969802e+00   1.1050531e+00  -1.5564981e+00  -8.5385090e-01
   2.0000000e+00   2.4708297e-01  -1.7316846e-01  -6.3309955e-01   1.4876254e+00  -4.0015129e-02   1.0171497e-01  -2.9932313e-01  -4.3378144e-01   1.5909596e+00  -1.9902436e+00
   2.0000000e+00   1.3779147e+00  -1.3551692e+00  -1.8176376e+00  -2.2180535e+00  -2.6164580e-02   1.0691221e-01   2.6532508e-01   1.0087199e+00   8.4361121e-01  -1.4125379e+00
   2.0000000e+00   8.8558165e-01  -4.3577338e-03  -1.4368824e+00  -5.8421764e-01  -2.9619558e-01   2.5825009e+00  -4.4154695e-01  -2.3725818e-01  -2.5237547e-02  -1.0884197e+00
   2.0000000e+00   1.2643658e+00  -1.0516180e+00  -8.6300696e-01   7.6604471e-01   7.2479640e-01   1.7254171e+00   1.2085413e+00  -5.3969554e-01   5.2581819e-02  -1.5915160e+00
   2.0000000e+00  -6.9795646e-01   1.1695332e+00  -5.8527859e-01   9.1038595e-02  -1.0852934e+00   2.5073035e+00   8.8574804e-01   5.3768284e-01   2.5739291e-01   3.6101358e-01
   2.0000000e+00   1.2683641e+00  -2.4856242e-01  -1.7362209e+00  -9.2094728e-01  -8.9135299e-02   1.5302633e+00   7.6008737e-02   3.7711192e-01  -1.8454955e+00   9.2062083e-01
   2.0000000e+00   8.5942670e-01  -9.1387330e-01  -6.2775768e-01  -2.6057392e-01  -3.7054123e-01   1.2440126e+00  -9.6518110e-01   6.7166420e-01  -2.0307039e+00   7.7132888e-01
   2.0000000e+00  -3.8337978e-01  -1.4797216e+00  -1.5508153e-01   3.6868868e-01  -1.8670049e-02   4.2446466e-01   2.8059193e-01   3.9687112e-01   2.7156119e+00   1.8976975e+00
   2.0000000e+00   5.7109537e-01   3.2541062e-01  -1.9203455e-01  -9.6368208e-01  -7.0976981e-01   1.3528100e-01   4.9412664e-01  -2.2509827e+00   2.0981130e+00   9.0282305e-01
   2.0000000e+00  -8.5065131e-01  -9.0599892e-01  -8.0201442e-01  -8.2437686e-01   7.2423198e-01   1.1418053e-01  -4.3715128e-01  -1.2186303e+00   9.1492303e-01  -1.1987581e+00
   2.0000000e+00  -1.0131231e-01  -2.6875393e-01  -2.2437206e-01   1.8528816e+00  -8.4868216e-01  -1.0266502e-01  -1.5446446e-01   3.6455615e-01  -4.7008096e-01  -1.4383831e+00
   2.0000000e+00   7.7070349e-01   4.5134535e-01  -9.8414040e-01  -5.9952591e-01   7.0195916e-01  -1.6888259e+00   8.8842014e-02  -1.7802376e+00   1.2592605e+00  -1.3946997e+00
   2.0000000e+00   1.7857320e-01  -4.0524453e-01   4.8707290e-01  -2.9061950e-01  -8.2476050e-01   8.6245319e-01   5.6709564e-01   3.8621984e-01   2.7201902e+00   1.0635317e+00
   2.0000000e+00   2.0695665e+00   7.0921381e-01   6.6757549e-01  -3.4387963e-01  -1.3850905e+00   5.6381901e-02  -7.1292740e-01   4.0276907e-01   5.0502926e-01   4.8666496e-01
   2.0000000e+00  -1.2064384e-01   5.3303362e-01   9.8343732e-01   1.2570709e+00   3.1793950e-01  -1.2775809e-01  -1.1099740e+00   3.7639427e-01  -2.2689030e+00  -6.6110571e-01
   2.0000000e+00   7.1129537e-01  -1.0383958e+00   1.1453113e+00  -3.6938774e-01  -1.3605687e-01  -1.0475868e+00   5.7660194e-01  -8.1977671e-01   1.4008368e+00   1.0842330e+00
   2.0000000e+00   4.2267934e-01  -1.2354898e+00   3.5324537e-01   1.9930886e+00   1.0561768e+00   8.6376456e-01   2.1367699e+00  -1.8639525e-02   5.8711945e-01  -4.0381183e-01
   2.0000000e+00  -7.4511676e-01  -8.5987564e-02  -3.7298166e-01  -4.7205861e-01  -1.3640911e+00   1.6955265e+00   5.7926257e-02  -1.4055118e+00  -2.4429144e-01   3.7425817e-01
   2.0000000e+00   1.6722561e+00  -1.5845901e+00  -5.0493370e-01   1.4610209e+00   1.3323702e+00   5.1098977e-01   3.4803455e-01  -8.8585370e-01  -3.8694626e-01   1.0248475e+00
   2.0000000e+00   2.8186874e-01   1.5991852e+00  -6.1839576e-02  -6.5486714e-01   4.0217796e-01   1.2404622e+00   3.7824879e-01  -1.8879189e-01  -8.6514388e-01   8.2984109e-01
   2.0000000e+00  -1.0287865e+00  -3.2646318e-01  -8.0530725e-01   7.2352483e-01   8.6758028e-01   1.1940936e+00   1.5032257e+00   7.1411121e-01   2.6993227e+00  -7.4231574e-01
   2.0000000e+00  -3.4457505e-01   1.1741843e+00   8.0062732e-01  -2.9301079e-01  -1.4961650e+00  -4.6809658e-01   1.9585405e+00  -5.5632220e-01  -3.9937656e-01  -4.3409460e-01
   1.0000000e+00  -9.3780634e-02   7.1493188e-01   7.1660343e-01  -1.1828123e+00  -1.2582887e-02  -1.0036859e+00   1.0733217e+00  -1.9296106e+00  -2.8935409e-01   2.1193177e-01
   2.0000000e+00  -1.1284661e+00   5.0653363e-01  -1.0128098e+00  -6.8235703e-01  -1.2903330e+00   2.7549438e-01   2.8874086e+00  -1.1099870e-01   3.1023242e-01   1.0341643e+00
   2.0000000e+00  -3.1647263e-01   7.5850729e-01  -5.6049674e-01   1.0935410e+00  -8.8901093e-01   1.5520978e+00  -7.4891720e-01   1.7269283e+00  -9.4396899e-01   7.2512666e-01
   2.0000000e+00   9.0635799e-01  -1.0235166e+00  -3.9621209e-01   1.0515157e-01  -8.5440736e-01   1.9536938e-01  -3.5895662e-01  -1.2644562e-01   4.4544141e-01  -6.7194619e-01
   2.0000000e+00   1.3732978e+00  -8.0955047e-01   6.5665352e-01  -1.5064449e+00  -1.6954729e+00  -1.0896551e-01   2.1371761e+00  -2.2242661e-01  -2.5102017e-01   7.3635714e-01
   2.0000000e+00  -7.6012718e-01  -3.3091335e-01   1.1570402e+00  -9.8549145e-01  -3.4333809e-01  -9.1376133e-01   1.8370575e+00  -1.3148194e-01  -4.9176218e-02   2.7814302e-01
   1.0000000e+00  -4.4747147e-01  -8.0587448e-01   7.4896240e-01   9.2044900e-01  -3.2682766e-01   8.7680552e-01  -7.0418502e-01   8.3046846e-01  -6.3645698e-03   4.5645484e-01
   2.0000000e+00  -2.4981249e-01  -6.0976372e-01  -7.3412301e-01  -2.3941961e-01   8.1005446e-01   3.0974057e-01  -7.8583161e-01  -1.3675863e+00  -1.1261263e+00  -8.5887343e-01
   2.0000000e+00  -9.9951874e-01  -7.6841517e-01  -2.0084184e+00   1.3008129e+00   5.6026986e-01   1.3132632e+00  -4.8605801e-02   9.7666970e-01   1.5622810e+00  -1.1324601e+00
   2.0000000e+00   3.4556547e-01   2.9527431e+00  -3.4843078e-02  -3.7694397e-01   1.0846111e+00  -8.2674983e-01   5.6123246e-01  -3.6244414e-01   9.0507313e-03  -7.8634113e-01
   1.0000000e+00   1.6839729e+00   1.7109639e+00   1.9178577e-01  -1.0650782e+00  -4.6491111e-01   9.3394140e-02   5.2546418e-01   1.2438490e+00  -9.1975598e-01   1.8056742e-01
   2.0000000e+00   6.8223610e-01  -1.2682591e+00  -1.1584748e+00   3.4206012e-01  -7.3821725e-01   3.8967007e-01   4.0551107e-01   2.2204623e+00  -8.4748930e-01  -8.2025895e-02
   2.0000000e+00  -8.7502037e-01   5.6074958e-01   1.3606833e+00   8.4947308e-01  -1.2722218e-01  -4.3708719e-01  -7.7807471e-01  -1.9797043e-01  -1.8419116e-01   2.2300884e-01
   2.0000000e+00  -1.5436442e+00   9.5106153e-01   1.3826560e+00  -1.2401737e-01   6.5574335e-01  -3.7119316e-01   6.7095993e-02  -3.9962726e-01   7.0743823e-01  -1.4030754e+00
   2.0000000e+00  -1.7568160e-01   1.8585269e+00  -1.0932461e-01  -1.1858531e+00  -5.1629861e-01   7.0069361e-01  -6.2377888e-01   5.1904940e-01   1.5371986e+00   4.8346058e-01
   2.0000000e+00   2.3096314e+00  -3.4153619e-01   1.0245286e+00   3.1519546e-01  -4.4416811e-01   1.9966126e-01   1.2643024e+00  -2.3754235e-01  -7.9106973e-01  -9.4152908e-01
   2.0000000e+00   4.7069534e-01   6.2618754e-02  -5.2529301e-01  -1.2464795e+00  -3.2273223e-01   2.5456202e-01  -3.1552352e-01   7.6358661e-01   3.7679624e-01  -4.8535518e-01
   2.0000000e+00  -5.2799032e-01   1.1762476e+00  -3.6474218e-01  -1.8610842e-03   2.7078989e+00  -1.2863729e-01  -5.2065532e-01   1.7183108e-01  -5.5750188e-01  -8.5821524e-01
